Hashing Power - 0.18181818181818182
Speed - Low

Total Transaction Event:612

**Blocks in the Blockchain**
Block ID:1,Previous Block ID:0,Miner ID: None,Number of TXNs:0,Time:0
Block ID:7,Previous Block ID:1,Miner ID:5,Number of TXNs:5,Time:352.6736164255334
Block ID:18,Previous Block ID:7,Miner ID:3,Number of TXNs:293,Time:1253.0567934224387
Block ID:27,Previous Block ID:18,Miner ID:2,Number of TXNs:348,Time:2455.065518330817
Block ID:34,Previous Block ID:27,Miner ID:5,Number of TXNs:424,Time:2677.8079429379018
Block ID:47,Previous Block ID:34,Miner ID:3,Number of TXNs:417,Time:3578.8602400324985
Block ID:55,Previous Block ID:47,Miner ID:1,Number of TXNs:481,Time:5135.80146026955
Block ID:63,Previous Block ID:55,Miner ID:9,Number of TXNs:456,Time:5261.574457153951
Block ID:74,Previous Block ID:63,Miner ID:1,Number of TXNs:355,Time:7192.960459460913

**Blocks in the Longest Chain**
Block ID:74,Previous Block ID:63,Miner ID:1,Number of TXNs:355,Time:7192.960459460913
Block ID:63,Previous Block ID:55,Miner ID:9,Number of TXNs:456,Time:5261.574457153951
Block ID:55,Previous Block ID:47,Miner ID:1,Number of TXNs:481,Time:5135.80146026955
Block ID:47,Previous Block ID:34,Miner ID:3,Number of TXNs:417,Time:3578.8602400324985
Block ID:34,Previous Block ID:27,Miner ID:5,Number of TXNs:424,Time:2677.8079429379018
Block ID:27,Previous Block ID:18,Miner ID:2,Number of TXNs:348,Time:2455.065518330817
Block ID:18,Previous Block ID:7,Miner ID:3,Number of TXNs:293,Time:1253.0567934224387
Block ID:7,Previous Block ID:1,Miner ID:5,Number of TXNs:5,Time:352.6736164255334
Block ID:1,Previous Block ID:0,Miner ID: None,Number of TXNs:0,Time:0

Total Blocks in the Chain:9
Total Blocks in the Longest Chain:9

Blocks Mined - 0
Blocks Mined in the Longest Chain - 0
