Hashing Power - 0.01818181818181818
Speed - Low

Total Transaction Event:574

**Blocks in the Blockchain**
Block ID:1,Previous Block ID:0,Miner ID: None,Number of TXNs:0,Time:0
Block ID:7,Previous Block ID:1,Miner ID:5,Number of TXNs:5,Time:352.7292133872314
Block ID:18,Previous Block ID:7,Miner ID:3,Number of TXNs:293,Time:1253.7739438010942
Block ID:27,Previous Block ID:18,Miner ID:2,Number of TXNs:348,Time:2454.6670900861695
Block ID:34,Previous Block ID:27,Miner ID:5,Number of TXNs:424,Time:2677.1116110291205
Block ID:47,Previous Block ID:34,Miner ID:3,Number of TXNs:417,Time:3579.632796051894
Block ID:55,Previous Block ID:47,Miner ID:1,Number of TXNs:481,Time:5136.274141661609
Block ID:63,Previous Block ID:55,Miner ID:9,Number of TXNs:456,Time:5262.089838217387
Block ID:74,Previous Block ID:63,Miner ID:1,Number of TXNs:355,Time:7193.400094990644

**Blocks in the Longest Chain**
Block ID:74,Previous Block ID:63,Miner ID:1,Number of TXNs:355,Time:7193.400094990644
Block ID:63,Previous Block ID:55,Miner ID:9,Number of TXNs:456,Time:5262.089838217387
Block ID:55,Previous Block ID:47,Miner ID:1,Number of TXNs:481,Time:5136.274141661609
Block ID:47,Previous Block ID:34,Miner ID:3,Number of TXNs:417,Time:3579.632796051894
Block ID:34,Previous Block ID:27,Miner ID:5,Number of TXNs:424,Time:2677.1116110291205
Block ID:27,Previous Block ID:18,Miner ID:2,Number of TXNs:348,Time:2454.6670900861695
Block ID:18,Previous Block ID:7,Miner ID:3,Number of TXNs:293,Time:1253.7739438010942
Block ID:7,Previous Block ID:1,Miner ID:5,Number of TXNs:5,Time:352.7292133872314
Block ID:1,Previous Block ID:0,Miner ID: None,Number of TXNs:0,Time:0

Total Blocks in the Chain:9
Total Blocks in the Longest Chain:9

Blocks Mined - 0
Blocks Mined in the Longest Chain - 0
