Hashing Power - 0.18181818181818182
Speed - High

Total Transaction Event:569

**Blocks in the Blockchain**
Block ID:1,Previous Block ID:0,Miner ID: None,Number of TXNs:0,Time:0
Block ID:7,Previous Block ID:1,Miner ID:5,Number of TXNs:5,Time:352.62564799181894
Block ID:18,Previous Block ID:7,Miner ID:3,Number of TXNs:293,Time:1252.8544871953984
Block ID:27,Previous Block ID:18,Miner ID:2,Number of TXNs:348,Time:2454.6976503146766
Block ID:34,Previous Block ID:27,Miner ID:5,Number of TXNs:424,Time:2677.070325716977
Block ID:47,Previous Block ID:34,Miner ID:3,Number of TXNs:417,Time:3578.4756726361566
Block ID:55,Previous Block ID:47,Miner ID:1,Number of TXNs:481,Time:5134.9906945246885
Block ID:63,Previous Block ID:55,Miner ID:9,Number of TXNs:456,Time:5260.844031895564
Block ID:74,Previous Block ID:63,Miner ID:1,Number of TXNs:355,Time:7192.341699524703

**Blocks in the Longest Chain**
Block ID:74,Previous Block ID:63,Miner ID:1,Number of TXNs:355,Time:7192.341699524703
Block ID:63,Previous Block ID:55,Miner ID:9,Number of TXNs:456,Time:5260.844031895564
Block ID:55,Previous Block ID:47,Miner ID:1,Number of TXNs:481,Time:5134.9906945246885
Block ID:47,Previous Block ID:34,Miner ID:3,Number of TXNs:417,Time:3578.4756726361566
Block ID:34,Previous Block ID:27,Miner ID:5,Number of TXNs:424,Time:2677.070325716977
Block ID:27,Previous Block ID:18,Miner ID:2,Number of TXNs:348,Time:2454.6976503146766
Block ID:18,Previous Block ID:7,Miner ID:3,Number of TXNs:293,Time:1252.8544871953984
Block ID:7,Previous Block ID:1,Miner ID:5,Number of TXNs:5,Time:352.62564799181894
Block ID:1,Previous Block ID:0,Miner ID: None,Number of TXNs:0,Time:0

Total Blocks in the Chain:9
Total Blocks in the Longest Chain:9

Blocks Mined - 2
Blocks Mined in the Longest Chain - 2
