Hashing Power - 0.18181818181818182
Speed - Low

Total Transaction Event:570

**Blocks in the Blockchain**
Block ID:1,Previous Block ID:0,Miner ID: None,Number of TXNs:0,Time:0
Block ID:7,Previous Block ID:1,Miner ID:5,Number of TXNs:5,Time:352.4749597274248
Block ID:18,Previous Block ID:7,Miner ID:3,Number of TXNs:293,Time:1253.2364853017264
Block ID:27,Previous Block ID:18,Miner ID:2,Number of TXNs:348,Time:2454.369991910015
Block ID:34,Previous Block ID:27,Miner ID:5,Number of TXNs:424,Time:2676.1962543915683
Block ID:47,Previous Block ID:34,Miner ID:3,Number of TXNs:417,Time:3579.0432593223054
Block ID:55,Previous Block ID:47,Miner ID:1,Number of TXNs:481,Time:5136.030278917139
Block ID:63,Previous Block ID:55,Miner ID:9,Number of TXNs:456,Time:5261.240108392868
Block ID:74,Previous Block ID:63,Miner ID:1,Number of TXNs:355,Time:7193.1728753500565

**Blocks in the Longest Chain**
Block ID:74,Previous Block ID:63,Miner ID:1,Number of TXNs:355,Time:7193.1728753500565
Block ID:63,Previous Block ID:55,Miner ID:9,Number of TXNs:456,Time:5261.240108392868
Block ID:55,Previous Block ID:47,Miner ID:1,Number of TXNs:481,Time:5136.030278917139
Block ID:47,Previous Block ID:34,Miner ID:3,Number of TXNs:417,Time:3579.0432593223054
Block ID:34,Previous Block ID:27,Miner ID:5,Number of TXNs:424,Time:2676.1962543915683
Block ID:27,Previous Block ID:18,Miner ID:2,Number of TXNs:348,Time:2454.369991910015
Block ID:18,Previous Block ID:7,Miner ID:3,Number of TXNs:293,Time:1253.2364853017264
Block ID:7,Previous Block ID:1,Miner ID:5,Number of TXNs:5,Time:352.4749597274248
Block ID:1,Previous Block ID:0,Miner ID: None,Number of TXNs:0,Time:0

Total Blocks in the Chain:9
Total Blocks in the Longest Chain:9

Blocks Mined - 2
Blocks Mined in the Longest Chain - 2
